layout_spectrum: 0.6590043
typography_spectrum: 0.8607867
color:
  saturation: 0.1320259
  lightness: 0.4721646
  brandStrength: 0.9662684
  rhythmicContrast: 0.704695
name: Jo
